100
262.40203 3.57942 151.13904
11.10988 3.05574 1494.86694
339.2120 3.7650 1282.232
317.70018 2.32971 1052.02889
472.71245 2.53891 822.07432
208.0 2.19748 1448.71
492.81910 1.09855 1949.44429
490.09602 1.05213 1917.58933
495.31734 1.33926 1954.47142
276.0 4.0 866.0
496.55145 1.41279 1952.45027
31.0 4.0 979.0
171.0 2.0 1096.0
376.54701 3.69109 1715.22167
359.9530 4.000 1109.44
177.9381 3.2 1244.92079
1.07438 3.05715 1999.22315
491.13589 1.35396 1912.61218
497.97445 1.19286 1909.90716
118.26 1.83270 166.10
313.0 1.76163 1960.34
490.03166 1.24195 1916.19213
371.00000 2.00000 742.00000
495.55826 1.41209 1995.49735
254.78991 3.81749 1919.24179
339.7 3.8 843.0822
497.30615 1.33586 1950.85575
497.20309 1.36362 1918.95301
189.27678 2.89607 584.62330
1.08559 3.37198 1999.40822
212.0 4.0 1136.0
492.51351 1.45797 1991.37646
491.30799 1.39789 1968.49814
392.0 4.0 1147.0
128.0 1.712 1405.0
494.49218 1.01521 1989.85335
422.88498 2.28931 1568.64220
482.0 4.0 121.0
492.37662 1.19648 1958.50363
324.84799 2.11178 1385.21922
494.49544 1.10155 1910.14489
429.0 2.0 1454.0
495.26050 1.48486 1937.14321
496.81483 1.03644 1959.24856
490.45258 1.49189 1930.69738
496.92068 1.19444 1999.74849
307.96099 2.57615 952.66203
296.5822 1.0000 1408.52549
113.37605 3.10114 862.30593
133.0 2.0 192.0
22.33973 1.32843 568.06572
306.42 1.0228 1.000
497.05888 1.01775 1967.28345
496.31567 1.47626 1906.96142
365.49133 3.56132 56.33558
489.00000 2.00000 978.00000
493.67264 1.16174 1933.48842
491.43829 1.14041 1963.87663
491.53012 1.20152 1913.40747
94.14090 2.12570 842.34175
1.06922 3.09947 1999.96766
280.86803 2.33197 1452.28007
105.2 2.95 665.5807
1.00 2.301 1282.3
89.5317 1.55 846.0
251.00000 3.00000 292.00000
221.0 2.0 1903.0
500.0 2.0086 1275.647
491.98272 1.04328 1920.23015
1.36959 2.92718 2.47938
1.08043 3.45877 1999.01807
271.02456 2.08395 1578.74344
369.0 4.0 331.0
495.52675 1.36616 1944.31523
493.92118 1.36353 1966.07070
81.0 1.48636 342.0
317.0 4.0 1701.0
2.0 2.0 965.0
325.00000 2.00000 373.00000
498.35626 1.20863 1918.48425
449.00000 2.00000 477.00000
27.68605 2.23247 1974.30570
53.00000 2.00000 106.00000
165.57292 3.14471 696.49174
492.93067 1.19576 1982.05349
130.148 2.36309 2000.00000
455.94584 1.60831 479.92342
490.21625 1.37980 1998.88198
378.0 3.47 1062.72237
339.0 1.0 540.0
97.00000 2.00000 194.00000
167.76813 3.74885 484.04912
498.42056 1.17632 1976.74271
187.5 4.0 939.6862
49.977 3.813 493.4631
496.87405 1.45054 1949.85546
399.00000 4.00000 400.00000
490.27023 1.11269 1946.55396
495.04557 1.17603 1999.60410
494.03342 1.23205 1963.23034
